MOTIF MA0019.1 Ddit3::Cebpa
letter-probability matrix: alength= 4 w= 12 nsites= 39 E= 0
 0.358974  0.179487  0.307692  0.153846
 0.282051  0.179487  0.358974  0.179487
 0.461538  0.076923  0.384615  0.076923
 0.000000  0.025641  0.000000  0.974359
 0.000000  0.000000  0.974359  0.025641
 0.102564  0.846154  0.000000  0.051282
 0.974359  0.025641  0.000000  0.000000
 0.923077  0.051282  0.025641  0.000000
 0.000000  0.153846  0.000000  0.846154
 0.358974  0.435897  0.128205  0.076923
 0.102564  0.589744  0.230769  0.076923
 0.000000  0.666667  0.153846  0.179487
URL http://jaspar.genereg.net/matrix/MA0019.1

