MOTIF MA0073.1 RREB1
letter-probability matrix: alength= 4 w= 20 nsites= 11 E= 0
 0.272727  0.727273  0.000000  0.000000
 0.090909  0.909091  0.000000  0.000000
 0.272727  0.727273  0.000000  0.000000
 0.000000  1.000000  0.000000  0.000000
 0.636364  0.363636  0.000000  0.000000
 0.818182  0.181818  0.000000  0.000000
 0.727273  0.272727  0.000000  0.000000
 0.363636  0.545455  0.000000  0.090909
 0.000000  1.000000  0.000000  0.000000
 1.000000  0.000000  0.000000  0.000000
 0.363636  0.636364  0.000000  0.000000
 0.090909  0.909091  0.000000  0.000000
 0.272727  0.727273  0.000000  0.000000
 0.363636  0.545455  0.090909  0.000000
 0.181818  0.818182  0.000000  0.000000
 0.363636  0.454545  0.000000  0.181818
 0.363636  0.454545  0.090909  0.090909
 0.363636  0.545455  0.000000  0.090909
 0.090909  0.636364  0.272727  0.000000
 0.363636  0.363636  0.181818  0.090909
URL http://jaspar.genereg.net/matrix/MA0073.1

