MOTIF MA0066.1 PPARG
letter-probability matrix: alength= 4 w= 20 nsites= 28 E= 0
 0.107143  0.285714  0.500000  0.107143
 0.107143  0.000000  0.000000  0.892857
 0.678571  0.000000  0.321429  0.000000
 0.000000  0.035714  0.964286  0.000000
 0.035714  0.000000  0.928571  0.035714
 0.000000  0.035714  0.142857  0.821429
 0.071429  0.821429  0.107143  0.000000
 0.928571  0.035714  0.000000  0.035714
 0.178571  0.535714  0.142857  0.142857
 0.178571  0.250000  0.357143  0.214286
 0.142857  0.071429  0.642857  0.142857
 0.035714  0.000000  0.071429  0.892857
 0.071429  0.178571  0.714286  0.035714
 0.785714  0.178571  0.000000  0.035714
 0.035714  0.964286  0.000000  0.000000
 0.000000  0.892857  0.000000  0.107143
 0.107143  0.428571  0.000000  0.464286
 0.785714  0.178571  0.000000  0.035714
 0.178571  0.428571  0.214286  0.178571
 0.250000  0.000000  0.035714  0.714286
URL http://jaspar.genereg.net/matrix/MA0066.1

