MOTIF MA0159.1 RARA::RXRA
letter-probability matrix: alength= 4 w= 17 nsites= 23 E= 0
 0.521739  0.000000  0.478261  0.000000
 0.000000  0.000000  1.000000  0.000000
 0.043478  0.000000  0.565217  0.391304
 0.000000  0.000000  0.043478  0.956522
 0.000000  0.782609  0.130435  0.086957
 0.956522  0.000000  0.043478  0.000000
 0.173913  0.304348  0.217391  0.304348
 0.217391  0.347826  0.391304  0.043478
 0.217391  0.173913  0.478261  0.130435
 0.565217  0.043478  0.304348  0.086957
 0.217391  0.260870  0.521739  0.000000
 0.739130  0.130435  0.130435  0.000000
 0.043478  0.043478  0.869565  0.043478
 0.000000  0.043478  0.695652  0.260870
 0.086957  0.043478  0.130435  0.739130
 0.043478  0.739130  0.130435  0.086957
 0.913043  0.000000  0.043478  0.043478
URL http://jaspar.genereg.net/matrix/MA0159.1

